Time,Balance Before,Balance After,P&L,Action
2023-02-17 10:26:58,100 804.17,100 800.42,-3.75,"Close short position for symbol CME_MINI:MES1! at price 4075.00 for 1 shares. Position AVG Price was 4074.250000, currency: USD, point value: 5.000000"
2023-02-17 10:21:04,100 797.92,100 804.17,+6.25,"Close long position for symbol CME_MINI:MES1! at price 4082.75 for 1 shares. Position AVG Price was 4081.500000, currency: USD, point value: 5.000000"
2023-02-17 10:19:23,100 787.92,100 797.92,+10.00,"Close long position for symbol CME_MINI:MES1! at price 4081.00 for 1 shares. Position AVG Price was 4079.000000, currency: USD, point value: 5.000000"
2023-02-17 10:15:49,100 811.67,100 787.92,-23.75,"Close long position for symbol CME_MINI:MES1! at price 4070.50 for 1 shares. Position AVG Price was 4075.250000, currency: USD, point value: 5.000000"
2023-02-17 10:13:58,100 825.42,100 811.67,-13.75,"Close long position for symbol CME_MINI:MES1! at price 4073.00 for 1 shares. Position AVG Price was 4075.750000, currency: USD, point value: 5.000000"
2023-02-17 09:54:18,100 810.42,100 825.42,+15.00,"Close short position for symbol CME_MINI:MNQ1! at price 12300.75 for 1 shares. Position AVG Price was 12308.250000, currency: USD, point value: 2.000000"
2023-02-17 09:53:47,100 812.42,100 810.42,-2.00,"Close short position for symbol CME_MINI:MNQ1! at price 12310.50 for 1 shares. Position AVG Price was 12309.500000, currency: USD, point value: 2.000000"
2023-02-17 09:52:50,100 813.02,100 812.42,-0.60,"Close short position for symbol NASDAQ:QQQ at price 299.43 for 30 shares. Position AVG Price was 299.410000, currency: USD, point value: 1.000000"
2023-02-17 09:50:56,100 811.52,100 813.02,+1.50,"Close short position for symbol CME_MINI:MNQ1! at price 12314.75 for 1 shares. Position AVG Price was 12315.500000, currency: USD, point value: 2.000000"
2023-02-17 09:50:19,100 807.02,100 811.52,+4.50,"Close short position for symbol CME_MINI:MNQ1! at price 12316.00 for 1 shares. Position AVG Price was 12318.250000, currency: USD, point value: 2.000000"
2023-02-17 09:49:22,100 793.52,100 807.02,+13.50,"Close short position for symbol CME_MINI:MNQ1! at price 12317.75 for 2 shares. Position AVG Price was 12321.125000, currency: USD, point value: 2.000000"
2023-02-17 09:47:48,100 825.52,100 793.52,-32.00,"Close short position for symbol CME_MINI:MNQ1! at price 12337.00 for 1 shares. Position AVG Price was 12321.000000, currency: USD, point value: 2.000000"
2023-02-17 09:46:05,100 808.02,100 825.52,+17.50,"Close short position for symbol CME_MINI:MNQ1! at price 12319.25 for 1 shares. Position AVG Price was 12328.000000, currency: USD, point value: 2.000000"
2023-02-17 09:45:29,100 793.52,100 808.02,+14.50,"Close short position for symbol CME_MINI:MNQ1! at price 12333.00 for 1 shares. Position AVG Price was 12340.250000, currency: USD, point value: 2.000000"
2023-02-17 09:44:37,100 792.02,100 793.52,+1.50,"Close short position for symbol CME_MINI:MNQ1! at price 12357.00 for 1 shares. Position AVG Price was 12357.750000, currency: USD, point value: 2.000000"
2023-02-17 09:40:43,100 787.02,100 792.02,+5.00,"Close short position for symbol CME_MINI:MNQ1! at price 12354.50 for 1 shares. Position AVG Price was 12357.000000, currency: USD, point value: 2.000000"
2023-02-17 09:37:40,100 779.52,100 787.02,+7.50,"Close short position for symbol CME_MINI:MNQ1! at price 12374.00 for 1 shares. Position AVG Price was 12377.750000, currency: USD, point value: 2.000000"
2023-02-17 09:36:11,100 763.52,100 779.52,+16.00,"Close short position for symbol CME_MINI:MNQ1! at price 12393.25 for 1 shares. Position AVG Price was 12401.250000, currency: USD, point value: 2.000000"
2023-02-17 09:33:35,100 756.02,100 763.52,+7.50,"Close long position for symbol CME_MINI:MNQ1! at price 12408.00 for 1 shares. Position AVG Price was 12404.250000, currency: USD, point value: 2.000000"
2023-02-17 09:32:30,100 755.52,100 756.02,+0.50,"Close long position for symbol CME_MINI:MNQ1! at price 12398.25 for 1 shares. Position AVG Price was 12398.000000, currency: USD, point value: 2.000000"
2023-02-16 16:00:07,100 755.52,100 755.52,0.00,"Close short position for symbol CME_MINI:MES1! at price 4098.50 for 1 shares. Position AVG Price was 4098.500000, currency: USD, point value: 5.000000"
2023-02-16 15:59:31,100 751.77,100 755.52,+3.75,"Close short position for symbol CME_MINI:MES1! at price 4100.00 for 1 shares. Position AVG Price was 4100.750000, currency: USD, point value: 5.000000"
2023-02-16 15:54:41,100 770.52,100 751.77,-18.75,"Close long position for symbol CME_MINI:MES1! at price 4105.50 for 1 shares. Position AVG Price was 4109.250000, currency: USD, point value: 5.000000"
2023-02-16 15:48:48,100 794.27,100 770.52,-23.75,"Close short position for symbol CME_MINI:MES1! at price 4105.50 for 1 shares. Position AVG Price was 4100.750000, currency: USD, point value: 5.000000"
2023-02-16 15:35:16,100 811.77,100 794.27,-17.50,"Close short position for symbol CME_MINI:MNQ1! at price 12504.75 for 1 shares. Position AVG Price was 12496.000000, currency: USD, point value: 2.000000"
2023-02-16 15:31:14,100 777.27,100 811.77,+34.50,"Close short position for symbol CME_MINI:MNQ1! at price 12501.50 for 1 shares. Position AVG Price was 12518.750000, currency: USD, point value: 2.000000"
2023-02-16 15:28:53,100 772.27,100 777.27,+5.00,"Close short position for symbol CME_MINI:MNQ1! at price 12520.25 for 1 shares. Position AVG Price was 12522.750000, currency: USD, point value: 2.000000"
2023-02-16 15:28:25,100 770.27,100 772.27,+2.00,"Close short position for symbol CME_MINI:MNQ1! at price 12525.75 for 1 shares. Position AVG Price was 12526.750000, currency: USD, point value: 2.000000"
2023-02-16 15:21:30,100 770.27,100 770.27,0.00,"Close short position for symbol CME_MINI:MNQ1! at price 12536.25 for 1 shares. Position AVG Price was 12536.250000, currency: USD, point value: 2.000000"
2023-02-16 15:21:06,100 745.77,100 770.27,+24.50,"Close short position for symbol CME_MINI:MNQ1! at price 12540.50 for 1 shares. Position AVG Price was 12552.750000, currency: USD, point value: 2.000000"
2023-02-16 15:20:14,100 739.77,100 745.77,+6.00,"Close short position for symbol CME_MINI:MNQ1! at price 12555.25 for 1 shares. Position AVG Price was 12558.250000, currency: USD, point value: 2.000000"
2023-02-16 15:19:46,100 737.27,100 739.77,+2.50,"Close short position for symbol CME_MINI:MNQ1! at price 12559.50 for 1 shares. Position AVG Price was 12560.750000, currency: USD, point value: 2.000000"
2023-02-16 15:19:03,100 738.77,100 737.27,-1.50,"Close short position for symbol CME_MINI:MNQ1! at price 12566.25 for 1 shares. Position AVG Price was 12565.500000, currency: USD, point value: 2.000000"
2023-02-16 15:16:15,100 734.77,100 738.77,+4.00,"Close short position for symbol CME_MINI:MNQ1! at price 12579.25 for 1 shares. Position AVG Price was 12581.250000, currency: USD, point value: 2.000000"
2023-02-16 15:06:51,100 734.97,100 734.77,-0.20,"Close long position for symbol NASDAQ:QQQ at price 306.31 for 10 shares. Position AVG Price was 306.330000, currency: USD, point value: 1.000000"
2023-02-16 15:05:11,100 694.97,100 734.97,+40.00,"Close short position for symbol CME_MINI:MNQ1! at price 12607.50 for 1 shares. Position AVG Price was 12627.500000, currency: USD, point value: 2.000000"
2023-02-16 15:03:00,100 698.47,100 694.97,-3.50,"Close short position for symbol CME_MINI:MNQ1! at price 12635.00 for 1 shares. Position AVG Price was 12633.250000, currency: USD, point value: 2.000000"
2023-02-16 13:39:34,100 692.22,100 698.47,+6.25,"Close long position for symbol CME_MINI:MES1! at price 4137.75 for 1 shares. Position AVG Price was 4136.500000, currency: USD, point value: 5.000000"
2023-02-16 13:34:31,100 727.22,100 692.22,-35.00,"Close short position for symbol CME_MINI:MES1! at price 4133.25 for 2 shares. Position AVG Price was 4129.750000, currency: USD, point value: 5.000000"
2023-02-16 13:24:01,100 723.47,100 727.22,+3.75,"Close short position for symbol CME_MINI:MES1! at price 4132.75 for 1 shares. Position AVG Price was 4133.500000, currency: USD, point value: 5.000000"
2023-02-16 13:19:11,100 718.47,100 723.47,+5.00,"Close short position for symbol CME_MINI:MES1! at price 4134.25 for 1 shares. Position AVG Price was 4135.250000, currency: USD, point value: 5.000000"
2023-02-16 13:15:53,100 712.22,100 718.47,+6.25,"Close short position for symbol CME_MINI:MES1! at price 4134.75 for 1 shares. Position AVG Price was 4136.000000, currency: USD, point value: 5.000000"
2023-02-16 13:01:01,100 729.72,100 712.22,-17.50,"Close short position for symbol CME_MINI:MES1! at price 4139.50 for 1 shares. Position AVG Price was 4136.000000, currency: USD, point value: 5.000000"
2023-02-16 12:58:05,100 762.22,100 729.72,-32.50,"Close long position for symbol CME_MINI:MES1! at price 4137.50 for 1 shares. Position AVG Price was 4144.000000, currency: USD, point value: 5.000000"
2023-02-16 12:45:10,100 757.22,100 762.22,+5.00,"Close long position for symbol CME_MINI:MES1! at price 4145.00 for 1 shares. Position AVG Price was 4144.000000, currency: USD, point value: 5.000000"
2023-02-16 12:39:42,100 760.97,100 757.22,-3.75,"Close long position for symbol CME_MINI:MES1! at price 4141.75 for 1 shares. Position AVG Price was 4142.500000, currency: USD, point value: 5.000000"
2023-02-16 12:38:05,100 762.22,100 760.97,-1.25,"Close long position for symbol CME_MINI:MES1! at price 4142.00 for 1 shares. Position AVG Price was 4142.250000, currency: USD, point value: 5.000000"
2023-02-16 11:12:23,100 768.47,100 762.22,-6.25,"Close short position for symbol CME_MINI:MES1! at price 4128.00 for 1 shares. Position AVG Price was 4126.750000, currency: USD, point value: 5.000000"
2023-02-16 11:11:57,100 768.45,100 768.47,+0.02,"Close short position for symbol AMEX:SPY at price 411.03 for 1 shares. Position AVG Price was 411.050000, currency: USD, point value: 1.000000"
2023-02-16 11:11:43,100 767.15,100 768.45,+1.30,"Close long position for symbol NASDAQ:QQQ at price 307.10 for 20 shares. Position AVG Price was 307.035000, currency: USD, point value: 1.000000"
2023-02-16 11:11:38,100 765.65,100 767.15,+1.50,"Close short position for symbol CME_MINI:MNQ1! at price 12637.75 for 1 shares. Position AVG Price was 12638.500000, currency: USD, point value: 2.000000"
2023-02-16 11:11:14,100 759.65,100 765.65,+6.00,"Close short position for symbol CME_MINI:MNQ1! at price 12641.75 for 1 shares. Position AVG Price was 12644.750000, currency: USD, point value: 2.000000"
2023-02-16 11:10:13,100 756.65,100 759.65,+3.00,"Close long position for symbol CME_MINI:MNQ1! at price 12655.00 for 1 shares. Position AVG Price was 12653.500000, currency: USD, point value: 2.000000"
2023-02-16 11:08:33,100 754.65,100 756.65,+2.00,"Close short position for symbol CME_MINI:MNQ1! at price 12636.25 for 1 shares. Position AVG Price was 12637.250000, currency: USD, point value: 2.000000"
2023-02-16 11:02:14,100 744.15,100 754.65,+10.50,"Close long position for symbol CME_MINI:MNQ1! at price 12668.50 for 1 shares. Position AVG Price was 12663.250000, currency: USD, point value: 2.000000"
2023-02-16 11:01:22,100 739.15,100 744.15,+5.00,"Close long position for symbol CME_MINI:MNQ1! at price 12660.50 for 1 shares. Position AVG Price was 12658.000000, currency: USD, point value: 2.000000"
2023-02-16 10:59:58,100 752.90,100 739.15,-13.75,"Close short position for symbol CME_MINI:MES1! at price 4129.75 for 1 shares. Position AVG Price was 4127.000000, currency: USD, point value: 5.000000"
2023-02-16 10:49:58,100 746.65,100 752.90,+6.25,"Close long position for symbol CME_MINI:MES1! at price 4132.00 for 1 shares. Position AVG Price was 4130.750000, currency: USD, point value: 5.000000"
2023-02-16 10:47:15,100 771.65,100 746.65,-25.00,"Close short position for symbol CME_MINI:MES1! at price 4129.50 for 1 shares. Position AVG Price was 4124.500000, currency: USD, point value: 5.000000"
2023-02-16 10:40:15,100 785.40,100 771.65,-13.75,"Close long position for symbol CME_MINI:MES1! at price 4126.25 for 1 shares. Position AVG Price was 4129.000000, currency: USD, point value: 5.000000"
2023-02-16 10:38:43,100 784.15,100 785.40,+1.25,"Close long position for symbol CME_MINI:MES1! at price 4128.50 for 1 shares. Position AVG Price was 4128.250000, currency: USD, point value: 5.000000"
2023-02-16 10:31:05,100 779.15,100 784.15,+5.00,"Close long position for symbol CME_MINI:MES1! at price 4122.75 for 1 shares. Position AVG Price was 4121.750000, currency: USD, point value: 5.000000"
2023-02-16 09:59:33,100 769.15,100 779.15,+10.00,"Close short position for symbol CME_MINI:MES1! at price 4104.50 for 1 shares. Position AVG Price was 4106.500000, currency: USD, point value: 5.000000"
2023-02-16 09:58:16,100 789.15,100 769.15,-20.00,"Close short position for symbol CME_MINI:MES1! at price 4109.75 for 1 shares. Position AVG Price was 4105.750000, currency: USD, point value: 5.000000"
2023-02-16 09:38:09,100 789.15,100 789.15,0.00,"Close short position for symbol CME_MINI:MES1! at price 4101.00 for 1 shares. Position AVG Price was 4101.000000, currency: USD, point value: 5.000000"
2023-02-16 09:36:36,100 776.65,100 789.15,+12.50,"Close short position for symbol CME_MINI:MES1! at price 4102.25 for 1 shares. Position AVG Price was 4104.750000, currency: USD, point value: 5.000000"
2023-02-16 09:35:48,100 772.90,100 776.65,+3.75,"Close short position for symbol CME_MINI:MES1! at price 4106.75 for 1 shares. Position AVG Price was 4107.500000, currency: USD, point value: 5.000000"
2023-02-16 09:31:20,100 807.90,100 772.90,-35.00,"Close short position for symbol CME_MINI:MES1! at price 4110.25 for 1 shares. Position AVG Price was 4103.250000, currency: USD, point value: 5.000000"
2023-02-16 08:48:31,100 800.40,100 807.90,+7.50,"Close short position for symbol CME_MINI:MNQ1! at price 12541.75 for 1 shares. Position AVG Price was 12545.500000, currency: USD, point value: 2.000000"